3.764927 11.929205 6.404712 0.514136 -2.743286 -2.991572 0.187681 1.582847 -1.167569 -0.154705 -0.714788 0.793756 0.457755 0.232881 -1.298464 -0.759457 -0.158344 -1.207207 -0.399553 -0.275598 -0.538709 -0.890049 -0.669998 -1.068636 -0.824807 1.000000
2.571916 13.200516 6.965086 0.516938 -2.638758 -2.265931 1.060345 1.557098 -1.723171 0.060665 -0.576193 0.706692 0.247956 0.461029 -1.392170 -0.471644 -0.288826 -1.010112 0.058697 -0.028388 -0.755217 -0.776035 -0.234357 -0.799267 -0.096516 1.000000
2.541030 13.210062 6.796719 0.559764 -2.640736 -2.353944 0.848503 1.482911 -1.749912 0.107846 -0.600748 0.842470 0.442814 0.343601 -1.110028 -0.330612 -0.242889 -1.035891 0.086065 -0.174942 -0.723393 -0.704016 -0.335512 -0.786075 -0.100518 1.000000
6.237909 8.346413 4.521830 3.785405 -1.732177 -1.820603 0.407822 1.861841 -1.467684 -0.328713 -0.641025 1.284815 0.179411 0.631762 -0.603850 -0.794820 -0.096693 -0.912625 0.294625 -0.523025 -0.339309 -0.646169 0.103743 -0.756765 -0.373541 1.000000
3.773911 12.128082 8.593020 0.851716 -1.638820 -2.806662 0.420356 2.319381 -0.193401 -0.075334 -0.111085 -0.493826 0.393852 -0.250033 -2.379817 -0.982624 -0.756013 -1.061148 0.074535 -1.003322 -0.286217 -1.274734 -0.389508 -1.507380 -0.152909 1.000000
2.736400 13.131943 7.118239 0.481323 -3.008546 -2.288883 0.966378 1.547382 -1.772987 0.295837 -0.704221 1.033516 0.250123 0.469627 -1.319076 -0.141333 -0.215609 -1.055611 0.142707 -0.116191 -0.476514 -1.147050 -0.228616 -0.702640 -0.137160 1.000000
-2.078768 6.903671 3.506197 -2.224000 -1.474757 -1.821909 -0.109218 0.498036 -0.389794 0.308773 -0.480278 0.412442 0.297725 0.383274 -1.033854 -0.358691 -0.217589 -0.733051 -0.242658 -0.477529 -0.484016 -0.494610 -0.108390 -0.344622 -0.106227 1.000000
2.795931 13.148904 7.004834 0.385670 -2.753790 -2.456074 0.869576 1.566164 -1.722287 0.325781 -0.493896 1.155267 0.287645 0.367964 -1.227127 -0.341850 -0.217260 -1.211051 0.117702 -0.170653 -0.530717 -1.166311 -0.256961 -0.700210 -0.313482 1.000000
2.989029 12.975159 7.228052 0.393169 -2.855384 -2.466789 0.671261 1.484131 -1.648794 0.449475 -0.686116 1.138431 0.253606 0.320727 -1.168653 -0.365845 -0.050584 -1.192379 -0.158333 -0.159037 -0.502537 -0.942706 -0.310073 -0.697224 -0.126506 1.000000
3.310448 12.729894 7.918700 0.355502 -2.484595 -2.427706 0.745799 1.317600 -1.331405 0.236501 -0.988055 0.972203 0.069600 0.047613 -1.003203 -0.221592 0.010506 -1.073342 -0.234083 -0.289248 -0.310736 -1.083444 -0.018495 -0.538128 -0.047162 1.000000
3.225716 12.768999 7.599388 0.374250 -2.433033 -2.679439 0.458576 1.549767 -1.304615 0.177172 -0.631473 0.911000 0.130840 0.112986 -1.025686 -0.516961 -0.069532 -1.060860 -0.109430 -0.439794 -0.564232 -0.754080 -0.423904 -0.889291 -0.196099 1.000000
4.307289 11.896340 8.431711 -0.037907 -2.543469 -2.575328 -0.718646 2.699226 0.065550 -0.610552 -0.378630 -0.625964 0.688570 -0.217208 -1.499475 -1.310871 -0.245237 -0.764484 0.079061 -0.883221 -0.330722 -0.923103 0.161150 -0.686523 -0.713067 2.000000
4.626490 11.814342 6.728917 -0.181516 -1.919519 -1.983858 0.342295 0.866112 -0.690164 -0.877447 -0.974835 0.291174 -0.019746 -0.446611 -0.429398 -1.186315 0.202605 -1.613340 0.107638 -1.321513 -0.648791 -0.280303 -0.196626 -0.304210 -0.490413 2.000000
5.235051 10.966628 7.707637 0.467844 -2.058481 -1.826964 -0.274552 1.760587 0.374311 -1.137844 -0.480214 -1.179143 0.841833 -0.392744 -1.154646 -0.904993 -0.008960 -0.850820 0.026821 -0.762034 -0.678513 -0.573258 0.047732 -0.436335 -0.594573 2.000000
6.811347 8.658669 6.762406 2.948735 -1.018978 -1.548944 -0.054709 2.694531 -0.441391 -0.342875 0.047155 -0.465344 0.459004 0.150921 -1.531816 -1.501963 -0.759020 -0.612478 0.382841 -1.047739 -0.495119 -0.745177 0.425016 -0.692469 -0.119196 2.000000
5.124406 11.208424 7.435918 -0.011746 -1.910161 -2.059715 -0.452410 1.703684 0.246586 -1.087288 -0.529725 -0.822665 0.830256 -0.310902 -0.557452 -1.312204 0.327935 -0.994538 0.032935 -1.273422 -0.612337 -0.686837 -0.117253 -0.383193 -0.273722 2.000000
5.124406 11.208424 7.435918 -0.011746 -1.910161 -2.059715 -0.452410 1.703684 0.246586 -1.087288 -0.529725 -0.822665 0.830256 -0.310902 -0.557452 -1.312204 0.327935 -0.994538 0.032935 -1.273422 -0.612337 -0.686837 -0.117253 -0.383193 -0.273722 2.000000
1.571922 9.610534 6.344589 -1.524499 -1.061755 -2.277667 -0.712310 1.331584 0.467023 -0.527898 -0.581461 -0.846049 0.997200 -0.100408 -1.369138 -0.696547 -0.159447 -0.872254 -0.121029 -0.585962 -0.574811 -1.058673 -0.354401 -1.249992 -0.166467 2.000000
5.178138 11.164251 7.551593 0.085176 -2.104156 -2.003268 -0.175463 1.447809 0.149729 -1.060404 -0.577804 -0.797646 0.708746 -0.385374 -0.756381 -1.058463 0.121678 -0.887839 0.144020 -1.245009 -0.712019 -0.681282 -0.104158 -0.397251 -0.248789 2.000000
5.106543 11.243291 7.433607 -0.044014 -1.919428 -2.084932 -0.461195 1.717960 0.160791 -1.057631 -0.514911 -0.763096 0.806950 -0.295795 -0.572818 -1.319216 0.314762 -0.972757 0.050666 -1.299521 -0.579488 -0.727272 -0.064110 -0.349599 -0.257611 2.000000
5.071040 11.226144 7.373716 -0.000207 -2.093708 -2.116780 -0.084098 1.257056 -0.093370 -1.297973 -0.675943 -0.585964 0.335262 -0.341014 -0.652313 -0.351265 0.680763 -0.577594 0.302025 -0.951914 -0.378997 -0.548261 0.144724 -0.148921 -0.630366 2.000000
5.017811 11.545426 7.009487 -0.190799 -1.856827 -2.294884 -0.134238 1.204775 -0.494471 -0.631880 -0.833180 -0.120184 0.312189 -0.529722 -0.282427 -1.373893 0.302698 -1.363117 -0.208255 -1.443516 -0.542437 -0.442256 -0.242382 -0.253770 -0.092454 2.000000
2.979763 13.155837 4.753181 0.101792 -0.717120 -3.019372 1.076178 0.953431 -1.945915 -1.134770 -1.043722 0.391939 0.563468 -0.494271 -1.391117 -1.352547 -0.909423 -1.063520 -0.406385 -1.153293 -0.593542 -0.758199 -0.531209 -1.128652 -0.598403 3.000000
2.038807 13.953659 4.769690 0.749531 0.128747 -2.818449 0.730051 1.451676 -1.878596 -0.827109 -0.860040 0.307563 0.664044 -0.421572 -1.303634 -0.971849 -0.842517 -1.022162 -0.274408 -1.505586 -0.831412 -0.535908 -0.500853 -0.740005 -0.427107 3.000000
0.611455 14.342376 4.725430 1.874118 -0.338549 -3.366966 0.732794 2.461229 -0.753077 -0.658900 -1.137311 0.083370 0.224931 -0.534931 -1.630029 -0.039239 -0.166223 -0.853390 -0.315327 -1.363057 -0.338379 0.101874 -0.120892 -0.905811 -0.277018 3.000000
6.244285 8.310414 3.877571 3.677866 0.426689 -2.097677 0.971310 1.313233 -1.637576 -1.123492 -0.790547 0.732100 0.514008 0.032330 -0.903026 -1.060843 -0.268016 -1.257955 0.194242 -1.752352 -0.480613 -1.109448 -0.373570 -0.928833 -0.309515 3.000000
0.693801 14.458199 4.897023 1.935445 -0.572289 -3.160811 0.793462 2.626954 -0.838694 -0.418921 -1.175583 0.189647 0.239881 -0.616225 -1.505256 0.032935 -0.342002 -0.753391 -0.139433 -1.379407 -0.487893 0.044860 -0.177733 -0.902241 -0.297566 3.000000
0.693801 14.458199 4.897023 1.935445 -0.572289 -3.160811 0.793462 2.626954 -0.838694 -0.418921 -1.175583 0.189647 0.239881 -0.616225 -1.505256 0.032935 -0.342002 -0.753391 -0.139433 -1.379407 -0.487893 0.044860 -0.177733 -0.902241 -0.297566 3.000000
-2.874278 7.835098 2.816841 -2.254114 0.166104 -1.884114 0.854973 0.031364 -0.871064 -0.161437 -0.142722 -0.002295 -0.103970 -0.522723 -1.721717 -1.026718 -1.070024 -0.864839 -0.301077 -0.901008 -0.701307 -0.326888 -0.408896 -0.492870 -0.198115 3.000000
1.101219 14.352886 4.775843 1.655104 -0.487082 -3.121734 0.896489 2.436968 -1.058398 -0.537705 -1.137893 0.027201 0.557336 -0.905613 -1.565378 -0.114865 -0.736732 -0.757783 0.116696 -1.583598 -0.500600 -0.037609 -0.315549 -0.827718 -0.309843 3.000000
0.935173 14.301759 4.832539 1.650421 -0.146011 -3.402507 0.807085 2.515125 -1.053983 -0.639476 -1.250826 0.099035 0.266212 -0.637840 -1.653433 0.030960 -0.358107 -0.845134 -0.193060 -1.405274 -0.377872 0.149364 -0.163716 -0.758497 -0.383010 3.000000
-0.177838 14.131166 5.050399 2.522727 -1.281722 -2.593989 0.764693 1.353156 0.110529 -0.517165 0.079100 0.112021 0.244910 -0.402555 -1.859047 -0.306410 0.283349 -0.525060 0.016630 -1.440767 -0.579725 -0.501043 -0.672198 -1.378790 -0.211728 3.000000
0.696617 14.194271 4.749154 1.853685 -0.080953 -3.372016 0.705549 2.084553 -0.790326 -0.755202 -0.901278 0.093534 0.155435 -0.598209 -2.033820 0.122614 0.046884 -0.838950 -0.498635 -1.279808 -0.346011 0.145114 -0.145666 -0.803275 -0.320935 3.000000
3.867291 12.381736 6.444044 -0.693344 -2.107879 -2.582610 -0.308219 1.061252 -1.174472 -1.995122 -0.563940 0.979135 -0.702641 -0.227438 -1.663395 -1.044641 -0.458746 -0.981921 0.284828 -1.112826 -0.456253 -0.587814 -0.005268 -0.708792 -0.939098 4.000000
4.246060 11.625838 6.447098 -0.341540 -2.231783 -2.467088 -0.134748 0.869904 -0.207253 -2.937316 -0.641312 0.761169 -0.487377 -0.082107 -1.630300 -0.358379 -0.553078 -0.657112 0.091245 -1.058968 -0.671364 -0.615378 0.216368 -0.557725 -0.808757 4.000000
4.239678 11.865858 6.431667 -0.625216 -2.053728 -2.638426 -0.040387 0.752346 -0.608217 -2.682392 -0.508043 0.865361 -0.503251 -0.181584 -1.580930 -0.495865 -0.602329 -0.881162 0.268802 -0.908161 -0.518625 -0.731642 -0.108886 -0.920885 -0.349687 4.000000
6.171152 8.978374 5.184872 2.656721 -1.469996 -2.112438 0.341200 1.777816 -1.030765 -1.401745 -0.670474 0.942751 -1.038450 -0.047648 -1.704440 -1.268472 -0.515571 -1.022006 0.526977 -0.855485 -0.426004 -0.589815 -0.175981 -0.790967 -0.998615 4.000000
3.932294 12.247110 6.169046 -0.598639 -1.859640 -2.624100 0.319721 0.570317 -0.987846 -2.435736 -0.436691 0.997797 -0.651006 -0.229474 -1.439425 -1.095127 -0.900517 -1.187979 0.293454 -1.142494 -0.383642 -0.534115 0.052906 -0.643905 -0.489855 4.000000
4.505870 11.541621 6.685294 -0.537484 -1.973169 -2.822983 -0.226593 0.902675 -0.294882 -2.612595 -0.404709 0.571678 -0.239734 -0.236270 -1.772384 -0.389476 -0.499874 -0.772981 0.187072 -0.679046 -0.507534 -1.059582 -0.309056 -1.270319 -0.181918 4.000000
-1.659676 7.515488 3.077734 -2.537650 -1.176320 -1.727124 0.263708 0.106009 -0.637989 -0.606335 -0.440174 0.151355 -0.105805 -0.071467 -1.431455 -0.795570 -0.756636 -0.765859 -0.106336 -0.996740 -0.508040 -0.282500 -0.087778 -0.295951 -0.066444 4.000000
4.505870 11.541621 6.685294 -0.537484 -1.973169 -2.822983 -0.226593 0.902675 -0.294882 -2.612595 -0.404709 0.571678 -0.239734 -0.236270 -1.772384 -0.389476 -0.499874 -0.772981 0.187072 -0.679046 -0.507534 -1.059582 -0.309056 -1.270319 -0.181918 4.000000
4.354491 11.724016 6.764333 -0.418546 -2.029177 -2.482462 -0.316138 0.953974 -0.335158 -2.779866 -0.543655 0.923175 -0.356607 -0.228626 -1.887956 -0.443879 -0.787687 -0.795404 0.278573 -0.772179 -0.530281 -0.889035 0.110388 -0.907450 -0.486418 4.000000
4.137043 11.849748 6.055721 -0.521294 -1.891197 -2.953074 0.128583 0.653423 -0.587330 -2.724265 -0.503057 1.209236 -0.791872 -0.162663 -1.633798 -0.610017 -0.847053 -0.989577 0.040161 -1.031610 -0.459882 -0.648047 0.058112 -0.634962 -0.383078 4.000000
4.187382 11.948282 6.142886 -0.712175 -1.812468 -2.859059 -0.022641 0.610552 -0.846288 -2.570453 -0.427750 0.979186 -0.428238 -0.178223 -1.405800 -0.932036 -0.661367 -1.235597 0.117638 -1.058973 -0.446999 -0.633087 -0.030880 -0.908232 -0.456213 4.000000
3.549479 12.262482 7.823051 0.533403 -0.800230 -2.672354 1.818697 0.924096 -0.665102 -0.741322 -0.922802 -0.437131 -0.401045 -0.281995 -1.388924 -1.143405 -0.328384 -0.986330 -0.007331 -0.845043 -0.237078 -0.838223 -0.120302 -1.242714 -0.342152 5.000000
3.082677 12.691971 7.936177 0.597922 -0.397425 -1.799678 2.410368 0.484117 -0.553642 -0.806865 -1.362205 -0.414123 -0.599340 -0.420932 -1.001105 -0.923391 -0.085334 -0.876019 -0.009122 -0.670704 -0.041457 -0.453626 0.127504 -0.910917 -0.540373 5.000000
3.195907 12.656185 8.014735 0.494324 -0.577765 -1.699685 2.374092 0.251476 -0.508871 -0.652643 -1.354962 -0.372411 -0.571582 -0.560979 -0.956359 -0.888341 -0.050454 -0.972583 0.137637 -0.603125 -0.011687 -0.602883 -0.039499 -0.978201 -0.455646 5.000000
6.001515 8.897675 6.668159 3.852963 -0.162974 -1.453966 1.486835 1.588750 -1.100272 -0.107320 -0.947904 0.295672 -0.795921 -0.055502 -1.278685 -0.927057 -0.187529 -1.019766 0.631615 -0.533330 -0.266657 -0.492268 0.403052 -0.732075 -0.431436 5.000000
3.245635 12.547776 8.163402 0.612386 -0.341685 -1.916626 2.388772 0.527292 -0.554591 -0.709900 -1.290620 -0.601802 -0.480073 -0.306967 -1.072059 -0.812211 -0.079644 -0.762470 -0.034443 -0.431903 -0.056276 -0.660338 0.184173 -0.931406 -0.421573 5.000000
3.112293 12.706082 7.976719 0.572622 -0.498103 -1.790388 2.462955 0.362469 -0.544652 -0.754574 -1.352086 -0.393687 -0.720962 -0.483551 -0.962587 -0.895422 -0.110642 -0.847791 0.075455 -0.513968 -0.027810 -0.608828 0.172655 -0.878285 -0.572342 5.000000
-2.059331 7.023056 4.063061 -2.009748 -0.054151 -1.419410 1.150820 -0.159562 0.358664 -0.098829 -0.953995 -0.255453 0.003650 -0.488804 -1.248032 -0.754556 -0.579742 -0.545278 -0.182824 -0.543601 -0.264818 -0.595418 -0.207468 -0.749246 -0.120821 5.000000
3.030894 12.764431 8.008359 0.585770 -0.500258 -1.680621 2.473922 0.380890 -0.582526 -0.639896 -1.259827 -0.444074 -0.643880 -0.429063 -1.017346 -1.010649 -0.145088 -1.075578 0.151206 -0.620797 -0.057687 -0.539569 0.079290 -0.911593 -0.623031 5.000000
2.995527 12.777486 8.001363 0.620704 -0.428079 -1.720762 2.521235 0.378040 -0.626632 -0.644357 -1.190236 -0.439303 -0.702351 -0.368929 -0.990969 -0.949603 -0.141506 -1.025610 0.101419 -0.570682 -0.113838 -0.532798 0.116887 -0.836126 -0.591031 5.000000
3.380527 12.402486 7.987481 0.477441 -0.559976 -1.862407 2.294497 0.462666 -0.311064 -0.880993 -1.382596 -0.602683 -0.379844 -0.438113 -1.099114 -0.968533 -0.004527 -0.901833 0.033959 -0.644573 0.115528 -0.678358 -0.111059 -1.182206 -0.483485 5.000000
3.180245 12.593970 7.964922 0.498270 -0.533509 -1.812366 2.425226 0.362560 -0.554386 -0.791625 -1.396462 -0.434513 -0.688719 -0.472327 -0.995806 -0.945835 -0.048606 -0.928694 0.076570 -0.554871 0.021373 -0.665909 0.129393 -0.955914 -0.610799 5.000000
-2.683217 11.633219 7.798007 2.824298 -2.362805 -2.615870 -0.028078 1.659178 -1.906719 -0.157756 0.530371 -0.445093 -0.820199 -1.971027 -0.453207 0.035795 -1.527409 -1.091170 -0.321101 -1.041394 -0.250807 -1.820736 -0.205539 -0.375040 -0.784893 6.000000
-4.843443 8.742935 8.222656 0.125362 -1.516456 -1.490574 2.345441 3.189070 -0.908074 -1.570514 -0.294740 0.715222 0.396658 0.737999 -1.732679 -1.276994 -0.053558 -0.861964 0.153245 -1.434554 1.106488 -0.791195 -1.013652 -0.065929 -0.775245 6.000000
-4.454234 9.294220 7.926315 1.114631 -1.694526 -1.940205 2.021363 2.350083 -1.302724 -2.364033 -0.372785 0.242386 0.427645 -0.697852 -0.741549 -0.826572 0.052494 -1.380353 -0.170400 -0.634055 -1.429525 -0.706686 0.211207 -1.294746 -0.181297 6.000000
2.529214 7.446567 4.643053 4.897408 -0.786347 -1.593466 0.085169 0.734566 -1.863595 -1.443132 0.174959 -0.759335 -0.354581 -1.705952 -0.086278 -0.117277 -0.577065 -1.130819 -0.889360 -0.736227 0.149277 -1.189968 -0.289791 -0.528826 -0.320132 6.000000
-4.471877 9.330684 7.699475 1.301943 -1.742703 -2.057597 1.830098 2.205588 -1.364443 -2.443688 -0.308496 0.089692 0.404777 -0.833714 -0.628675 -0.774271 -0.095655 -1.488026 -0.139726 -0.624414 -1.569478 -0.681710 0.324413 -1.393462 -0.145664 6.000000
-4.471877 9.330684 7.699475 1.301943 -1.742703 -2.057597 1.830098 2.205588 -1.364443 -2.443688 -0.308496 0.089692 0.404777 -0.833714 -0.628675 -0.774271 -0.095655 -1.488026 -0.139726 -0.624414 -1.569478 -0.681710 0.324413 -1.393462 -0.145664 6.000000
-4.603237 10.109891 6.684124 1.832608 -2.087879 -3.164898 0.171417 1.227183 -1.517214 0.179048 0.462351 -0.285124 -0.524210 -1.805544 -0.423500 -0.120289 -1.437786 -0.957463 0.072933 -1.475197 -0.022400 -2.168310 0.194695 -0.416166 -1.167725 6.000000
-4.572118 9.157353 8.042934 0.915159 -1.631195 -1.878766 2.152866 2.654475 -1.312405 -2.359242 -0.428419 0.347442 0.501056 -0.279907 -0.976406 -0.927822 0.084195 -1.249320 -0.223880 -0.849074 -0.763589 -0.686581 -0.162265 -1.082454 -0.188318 6.000000
-4.476918 9.063765 8.372768 0.455857 -1.531439 -1.489201 2.278520 2.917226 -1.008364 -1.988264 -0.408250 0.644626 0.341329 0.495947 -1.361782 -1.115396 0.099963 -1.033427 0.019552 -1.109498 0.163638 -0.613027 -0.455790 -0.673143 -0.411345 6.000000
-4.801053 8.713928 8.224924 0.031097 -1.433246 -1.603635 2.382743 3.118988 -0.775457 -1.626402 -0.364736 0.743910 0.378230 0.801980 -1.686873 -1.288906 -0.054490 -0.682995 0.213271 -1.322191 1.169436 -0.678396 -0.921620 0.132574 -0.753024 6.000000
-4.806904 8.964515 7.830519 0.867598 -1.715761 -1.888157 2.171100 2.644958 -1.293788 -2.305520 -0.427686 0.491453 0.362712 -0.316623 -0.939930 -0.969845 0.093635 -1.241301 -0.189982 -1.096011 -0.589181 -0.518925 -0.306308 -1.113635 -0.424106 6.000000
1.441888 13.818897 3.594868 0.620941 -1.947722 -1.851784 1.063269 1.336496 -0.938843 -2.119412 -0.456578 -0.703306 0.255893 0.513792 -0.365302 -0.403184 -0.169729 -1.135135 0.514838 -0.737672 -0.229516 -1.032287 -0.059306 -0.708503 -0.370500 7.000000
-0.006040 14.243935 4.407403 2.029648 -1.276690 -2.309586 0.943711 1.227408 0.738250 -1.377413 -0.502818 0.134211 0.401478 -0.196705 -1.132818 -1.038917 0.262521 -0.898076 0.121315 -0.667571 -0.623808 -1.316929 0.009803 -0.332593 -0.318401 7.000000
1.219565 14.398971 4.433049 1.042280 -0.607497 -2.235848 0.796689 2.093623 -0.394126 -1.388211 -1.417327 -0.332013 0.241250 -0.120963 -0.726748 -0.939194 -0.289630 -1.322062 0.732549 -0.666297 -0.602618 -1.191881 -0.333842 -0.619726 -0.211524 7.000000
5.541409 8.827033 2.713026 3.577418 -0.111633 -2.079136 1.214682 1.190830 -0.636744 -1.847315 -1.235791 0.468928 0.723705 0.013451 -0.541812 -0.997062 -0.124917 -1.380291 0.360355 -0.552620 -0.410662 -0.973659 -0.215987 -0.879847 -0.186468 7.000000
0.712527 14.196991 3.797499 1.324095 -0.769731 -2.861363 0.921093 2.129529 -0.074962 -1.981276 -0.950725 -0.196934 -0.008603 0.338045 -0.960435 -0.633827 -0.397940 -1.074179 -0.517656 -0.797186 -0.050308 -1.151954 0.448716 -0.516524 -0.396491 7.000000
0.712527 14.196991 3.797499 1.324095 -0.769731 -2.861363 0.921093 2.129529 -0.074962 -1.981276 -0.950725 -0.196934 -0.008603 0.338045 -0.960435 -0.633827 -0.397940 -1.074179 -0.517656 -0.797186 -0.050308 -1.151954 0.448716 -0.516524 -0.396491 7.000000
-2.797689 10.431152 2.922392 -1.156531 0.168570 -1.985512 0.647752 1.077448 0.310030 -1.037704 -0.822904 -0.315861 -0.087545 -0.001893 -1.124054 -0.853681 -0.337537 -0.834889 0.253865 -0.395942 -0.709539 -1.259533 -0.398943 -0.664123 -0.434959 7.000000
0.759342 14.313766 4.379996 1.335656 0.139896 -3.116181 0.994260 2.113012 -0.129047 -1.767206 -1.122733 0.132894 0.330375 0.057439 -0.919439 -0.709313 -0.481192 -0.847164 0.064108 -0.587788 -0.182189 -1.494257 0.099799 -0.479010 -0.404668 7.000000
0.690115 14.218814 3.837295 1.349843 -0.561969 -2.903320 0.902034 2.097994 -0.019581 -2.024315 -1.050551 -0.103809 -0.028364 0.313037 -0.969013 -0.650193 -0.349522 -1.046231 -0.459211 -0.773600 -0.164692 -1.262245 0.359580 -0.529033 -0.450431 7.000000
0.303960 14.102580 4.350304 1.558879 -0.148145 -3.247617 0.939357 1.639533 0.122892 -1.824598 -0.751693 0.218134 0.217723 0.045370 -1.328222 -0.758362 0.200349 -0.611365 -0.011227 -0.609295 -0.514917 -1.522085 0.187479 -0.631744 -0.573647 7.000000
0.490271 14.112116 4.619372 1.552772 -0.027789 -3.255889 0.959755 1.726943 -0.262862 -1.871476 -0.982850 0.423110 -0.161811 0.229985 -1.184988 -0.253993 0.118813 -0.599445 -0.230913 -0.520570 -0.044297 -1.463967 0.166495 -0.616058 -0.725947 7.000000
-0.026908 13.880482 5.039041 1.963851 -2.278827 -1.848762 0.653911 1.796294 -0.292707 -0.677498 0.091476 -0.347416 -1.128302 0.241040 -1.891568 -1.071822 0.425576 -1.253912 -0.375635 -1.285767 -0.650393 -1.035150 -0.221288 -1.192955 -0.080788 8.000000
0.395003 14.149072 4.642249 1.812578 -1.272131 -1.668236 0.856508 1.335544 -0.140217 -0.508944 -0.174822 0.319816 -0.556094 -0.257257 -1.887021 -1.619469 0.800715 -1.141849 -1.111071 -1.205063 -1.060516 -1.035760 -0.317760 -0.265082 -1.154253 8.000000
0.679827 13.964188 5.366945 1.844183 -1.543463 -1.203254 1.445105 1.220605 -0.096541 -0.872099 -0.167776 0.041150 -0.806267 0.538859 -1.478222 -0.852809 0.520571 -1.363281 -0.186957 -0.968125 -1.180943 -1.238491 -0.668084 -1.145914 -0.686204 8.000000
4.428015 8.628581 3.255770 4.623746 -1.971905 -0.565575 0.383442 1.049045 -1.343516 -0.954311 0.807690 -0.166807 -0.922106 0.328733 -1.401981 -0.748544 0.667906 -0.867649 -0.511063 -1.378372 0.017740 -0.514715 0.301210 -1.393248 0.552016 8.000000
0.966979 13.915184 4.632984 1.474668 -2.165723 -1.281355 0.871810 1.742582 -0.721100 -1.140798 -0.336322 -0.600338 -0.884434 0.491032 -1.584458 -1.149456 -0.145677 -1.368372 -0.181989 -1.198409 -0.464391 -1.033360 -0.169220 -1.112530 -0.269620 8.000000
0.395003 14.149072 4.642249 1.812578 -1.272131 -1.668236 0.856508 1.335544 -0.140217 -0.508944 -0.174822 0.319816 -0.556094 -0.257257 -1.887021 -1.619469 0.800715 -1.141849 -1.111071 -1.205063 -1.060516 -1.035760 -0.317760 -0.265082 -1.154253 8.000000
-1.416303 10.226570 3.127929 -1.674719 -1.256335 -0.773809 0.610657 0.985698 -0.963404 0.020947 -0.278373 -0.454664 -0.566796 0.717519 -1.736406 -0.690269 -0.189033 -2.002084 -0.194624 -1.492968 -0.189319 -0.419572 0.789963 -1.600352 -0.140265 8.000000
2.323558 13.546209 5.498527 0.776962 -1.364145 -1.417321 1.926951 1.103261 -1.488552 -0.821927 -0.985609 0.107269 -0.175627 -0.211305 -1.790891 -1.213446 -0.627358 -1.312400 0.607258 -1.252479 -1.372529 -0.913581 -0.602629 -0.467717 -0.946247 8.000000
-0.177565 13.770710 5.514567 2.438920 -1.999335 -1.628370 1.177347 0.830005 0.142049 -0.569294 0.495545 -0.105794 -1.004575 0.318795 -1.599609 -0.737449 0.632498 -1.225050 -0.310572 -0.960980 -0.689218 -1.414155 -0.682940 -1.031320 0.110318 8.000000
2.802014 13.292300 6.426053 0.460393 0.311263 -2.246810 1.129932 0.807730 -1.550111 -1.428830 -0.179422 -0.042810 0.417239 -0.352057 -1.415696 -1.471350 -0.702476 -1.687286 0.611431 -1.352572 -0.584975 -0.556620 -0.282265 -0.961477 -0.746531 8.000000
2.073518 13.318749 4.916440 0.632946 -2.680666 -1.302076 1.235618 0.984356 -1.728551 -1.202351 -0.613633 -0.065804 -0.095896 0.768567 -1.540717 -0.860279 -0.312359 -1.070248 -0.389009 -1.373983 -0.544229 -0.902020 0.216405 -0.762171 -1.182890 8.000000
1.260460 14.386097 6.347564 1.558987 -0.644638 -2.258472 1.126854 2.673701 -0.530233 0.152675 -1.044839 0.008871 0.113703 0.024294 -0.960253 -1.071486 -0.342383 -1.095357 1.298326 -1.036486 -1.168559 -1.398282 -0.423715 -0.617318 -0.755758 9.000000
2.737463 13.566438 6.403841 0.361193 -0.812806 -1.374714 1.272576 1.196629 -0.984385 -0.718304 -0.631210 0.121040 -0.678993 -0.248417 -0.812138 -1.757158 -0.552060 -1.687575 0.634821 -1.499654 -1.218113 -0.360991 -0.592079 -0.322040 -0.569213 9.000000
-0.054700 13.893907 6.245003 2.678706 -1.800717 -1.586656 1.707144 0.126875 0.987361 -0.734587 0.257500 0.913154 0.839057 -0.076955 -0.918796 -0.855421 -0.701749 -1.240892 0.444228 -0.865095 -0.619196 -0.676343 -0.228954 -0.834504 -0.431410 9.000000
6.004459 9.073452 5.056535 4.190331 -0.038261 -1.169565 1.328695 1.672781 -1.141651 -0.316433 -0.743205 0.278714 -0.294084 -0.419874 -1.104899 -1.080490 -0.340207 -0.598595 1.159811 -1.335798 -1.199249 -0.849360 -0.407418 -1.003885 -0.566275 9.000000
0.055398 13.868166 6.202374 2.778151 -1.926743 -1.433806 1.671536 -0.086881 1.080762 -0.833629 0.622556 0.929436 0.870759 -0.237385 -1.103600 -1.010410 -0.943530 -1.216450 0.234125 -0.881753 -0.309750 -0.603269 -0.161016 -0.875476 -0.331785 9.000000
0.055398 13.868166 6.202374 2.778151 -1.926743 -1.433806 1.671536 -0.086881 1.080762 -0.833629 0.622556 0.929436 0.870759 -0.237385 -1.103600 -1.010410 -0.943530 -1.216450 0.234125 -0.881753 -0.309750 -0.603269 -0.161016 -0.875476 -0.331785 9.000000
-2.541850 10.919595 4.677418 -0.616732 -0.196680 -2.173025 0.941002 1.511725 0.339488 0.187470 -1.053651 0.104353 -0.288206 0.163184 -1.524368 -1.038000 -0.515397 -0.984011 1.183769 -1.208098 -1.180705 -1.339939 -0.112019 -0.820347 -0.694348 9.000000
-0.049118 14.005441 5.760961 2.680018 -1.290778 -1.950935 1.008831 0.447834 0.817967 -0.886760 -0.082233 0.969368 0.803576 -0.313140 -0.881816 -1.226873 -0.812043 -1.281982 -0.507369 -1.089393 -0.135380 -0.622027 0.380247 -0.581759 -0.581783 9.000000
-0.388914 13.713151 6.275678 2.945794 -1.870584 -1.908230 1.367871 -0.025176 1.040056 -0.751408 0.507107 0.947623 0.862033 -0.372884 -1.048689 -1.227118 -0.762175 -1.187256 -0.163493 -0.997015 -0.322363 -0.561018 0.317569 -0.791216 -0.592409 9.000000
-0.517700 13.699291 6.383312 2.841133 -1.972347 -1.675468 1.570481 -0.361569 1.020378 -0.745132 0.549117 0.770208 0.777445 -0.072182 -1.076284 -0.924977 -0.302708 -1.098416 0.213851 -0.987370 -0.366333 -0.567825 0.006548 -0.797964 -0.185535 9.000000
-0.577355 13.382499 6.677632 2.924602 -1.990558 -2.233608 1.793287 -0.291122 0.746227 -1.166261 0.362622 0.943064 0.801066 -0.099201 -1.205856 -1.085910 -0.516623 -0.934694 0.362327 -0.744395 -0.431050 -0.541355 0.196813 -0.929101 -0.346529 9.000000
3.714596 12.323977 5.148965 -0.242990 -3.089968 -2.537092 0.947894 0.703802 -1.660025 -0.734597 -1.049628 0.084576 0.969922 -0.277895 -0.992799 -1.093127 -0.253053 -1.077248 -0.505150 -1.398455 0.015378 -1.348898 -0.567441 -1.672747 -1.198567 10.000000
3.273702 13.111408 5.186448 -0.321469 -1.484851 -2.514390 1.252030 0.829726 -1.576484 -0.838519 -0.998265 0.409823 0.780295 -0.604900 -1.192344 -1.723106 -0.491583 -1.845543 0.273456 -0.871883 -0.386473 -1.212268 -0.610999 -0.988310 -0.631352 10.000000
1.923752 13.691234 3.916176 0.274822 -2.677635 -1.435327 1.649683 0.869083 -2.129927 -1.295366 -0.315299 -0.438944 0.667849 -0.683829 -2.013628 -1.110717 -0.061318 -1.279222 0.740038 -0.850695 -0.270873 -0.987779 0.014995 -0.580769 -0.301717 10.000000
5.715269 9.293877 3.883385 2.836505 -2.141224 -1.648602 0.777475 1.316366 -1.970480 -0.391172 -0.862229 0.684661 0.588215 0.105615 -0.787712 -1.281939 -0.150191 -0.876623 0.213940 -1.557518 0.094617 -1.233360 0.173186 -1.382610 -0.970485 10.000000
2.062682 13.632995 3.918732 0.140471 -2.633112 -1.516934 1.418186 0.974519 -2.276929 -1.497860 -0.395126 -0.505079 0.750535 -0.498685 -1.793611 -0.906857 -0.216254 -1.267937 0.654630 -0.864452 -0.051509 -0.937030 0.159906 -0.595748 -0.307128 10.000000
1.267760 13.677242 3.590276 0.733807 -2.730907 -1.353126 1.340006 0.729551 -1.770655 -1.386238 0.162794 -0.890916 0.338712 -0.816399 -2.195609 -1.085435 0.433693 -1.148584 0.476642 -0.925251 -0.260820 -0.949260 -0.054742 -0.461838 0.329261 10.000000
2.206808 11.552711 4.295675 -1.833187 -1.929634 -2.177509 0.648102 0.240941 -1.222650 -0.547364 -1.037564 0.208911 1.561142 0.511850 -0.601294 -0.492205 -0.044954 -1.810131 -0.385664 -1.603894 0.419077 -1.033906 0.432396 -2.340463 -1.439802 10.000000
2.028735 13.733387 3.908058 0.222769 -2.543010 -1.458926 1.528698 0.942346 -2.157618 -1.360085 -0.468464 -0.480583 0.745313 -0.648843 -1.906370 -1.073210 -0.244956 -1.306286 0.661313 -0.830212 -0.163081 -0.988543 0.165824 -0.570344 -0.335852 10.000000
1.858505 13.716878 3.825109 0.310829 -2.689058 -1.418518 1.498669 0.910460 -2.116162 -1.380175 -0.247611 -0.572635 0.673364 -0.690154 -2.017186 -1.095579 -0.072324 -1.231531 0.581253 -0.861434 -0.058064 -0.986659 0.134268 -0.464250 -0.105971 10.000000
2.075097 13.516664 4.053550 0.233309 -2.699751 -1.530206 1.549585 0.969153 -2.301175 -1.450992 -0.419091 -0.409175 0.411952 -0.331296 -1.385916 -0.557706 -0.151624 -1.016428 0.312827 -0.846895 -0.128511 -0.899776 0.290149 -0.239646 -0.299512 10.000000
1.687335 13.605531 3.710129 0.480185 -2.383063 -1.623725 1.345577 0.692609 -1.920021 -1.420011 0.055908 -0.457780 0.692939 -0.861023 -2.402604 -1.359442 0.150927 -1.219586 0.322536 -0.758769 -0.190647 -1.023295 0.048848 -0.481554 0.156329 10.000000
3.336894 10.347627 4.757164 0.708996 -3.117015 -5.952209 1.904007 1.759411 -0.311707 -0.811902 -0.122041 0.009568 0.136948 0.383692 -1.220120 -0.980597 -0.036372 -1.341887 -0.105748 -1.018473 -0.745717 -0.534364 -0.243462 -0.299447 -0.753100 11.000000
3.373917 11.108853 5.177774 0.182297 -2.507443 -5.588461 2.559793 1.268983 -0.527291 -0.846739 -0.180698 -0.072157 -0.226609 -0.061675 -0.800247 -1.120618 -0.151878 -0.921904 0.049084 -1.085074 -0.626359 -0.845753 -0.150443 -0.803159 -0.355009 11.000000
3.800490 10.460157 5.431456 0.862878 -1.809504 -5.829938 2.708690 1.433882 -0.113717 -1.031722 -0.307555 -0.461371 -0.460608 -0.316279 -1.472666 -1.313742 -0.864406 -2.198804 0.074255 -1.351159 -0.450181 -0.763116 -0.700671 -0.929341 0.196086 11.000000
5.310571 7.624437 3.138985 3.476938 -1.318576 -4.128008 1.672213 1.698741 -0.752984 -1.254513 -0.665899 0.611764 -0.151195 0.239586 -1.069536 -1.904016 -0.267938 0.060375 0.410672 -1.113655 -0.645003 -0.893430 0.254178 -0.758256 -0.466796 11.000000
2.741353 11.420333 4.790972 0.541973 -3.101046 -5.252544 2.695166 1.443977 -0.911823 -0.791950 0.004836 -0.303701 0.297649 -0.233470 -1.440803 -1.523075 -0.416709 0.585025 -0.103206 -0.353897 -0.673722 -0.866031 -0.009375 -0.873139 -0.423271 11.000000
3.893040 10.598180 5.681189 0.578468 -2.356020 -5.909974 2.415828 1.466466 -0.256955 -0.786201 0.032542 0.028394 -0.550422 -0.262540 -1.282131 -0.742998 -0.351830 -2.375172 0.459128 -0.967859 -0.306047 -0.853870 -0.150632 -0.541832 -0.144490 11.000000
2.662341 9.522335 3.745227 -0.893811 -1.883608 -5.336227 2.021182 1.003187 0.364384 -0.349754 -0.028178 -0.419979 0.190627 0.775976 -0.599606 -0.117407 0.158699 -2.377643 0.255423 -1.737534 -0.178716 -0.571149 0.671267 -0.931626 -0.815795 11.000000
4.401123 10.414298 5.300250 0.472567 -2.610292 -5.013043 1.537156 1.332099 -0.386634 -1.030486 0.185992 -0.403299 0.153969 -0.109235 -0.976230 0.080306 0.378194 -2.372707 0.360323 -1.067646 -0.354060 -0.387740 -0.290374 -0.574570 -0.775831 11.000000
2.852617 11.241659 4.759019 0.493701 -3.145972 -5.470771 2.560454 1.346730 -0.796437 -0.879669 -0.081561 -0.546792 0.328669 -0.279344 -1.305509 -1.628474 -0.500695 0.529634 -0.209107 -0.653401 -0.584583 -0.797011 -0.156456 -1.267800 -0.569481 11.000000
3.750902 10.927030 5.722982 0.634510 -2.236935 -5.448661 2.431979 1.632997 -0.272213 -0.703910 -0.295089 0.344935 -0.681145 -0.144665 -1.024520 -0.640471 -0.493068 -2.237287 0.122173 -0.923139 -0.181182 -1.189101 0.210800 0.175922 0.548613 11.000000
2.736039 11.315912 4.570174 0.490357 -2.997723 -5.350479 2.343144 1.253160 -0.770520 -0.935782 -0.028263 -0.756110 0.489046 -0.313627 -1.424070 -1.776151 -0.514322 0.785348 -0.416728 -0.612865 -0.597228 -0.740155 -0.152988 -1.266052 -0.671366 11.000000
3.669132 12.060453 7.963823 0.464382 -2.010241 -2.555836 1.249212 1.352235 -0.391370 -0.403337 -1.337198 -0.023222 0.141741 -0.094763 -1.427983 -0.965243 -0.618778 -1.281666 -0.357516 -1.796867 -0.219668 -1.771903 -0.480239 -1.021482 0.283403 12.000000
4.602879 11.149585 7.632794 0.762130 -1.222056 -1.992843 1.599784 0.734254 0.049399 -1.503807 -1.044648 -0.445497 0.165945 -0.041131 -1.460907 -0.846976 -0.578763 -0.686140 -0.442156 -1.820305 -0.427150 -1.594712 -0.738979 -1.215170 0.465158 12.000000
3.560881 11.831815 6.449218 0.829251 -1.054455 -1.793881 2.639841 -0.019183 -1.440811 -1.398457 -1.148591 0.378660 0.423385 0.927247 -0.880531 -0.200511 -0.834946 -0.817921 -0.555659 -1.772020 -1.115149 -1.294265 -0.295008 0.045056 -0.253627 12.000000
6.312991 8.271081 7.390529 3.923251 -0.526578 -1.356388 1.175142 2.350057 -0.789284 -0.538456 0.020276 -0.437704 0.345616 0.625549 -2.617268 -0.574108 -0.979135 -0.838428 0.194082 -1.029568 -0.162563 -1.109266 0.519085 -0.480575 -0.235260 12.000000
5.142304 10.052651 8.027102 2.389986 -0.741001 -1.852441 1.554905 1.659659 0.095036 -1.292931 -0.108355 -1.546374 0.685256 0.645350 -2.884711 -0.103921 -1.458252 -1.898047 -0.273787 -0.433534 -0.833995 -0.724847 -0.066453 -0.610125 -1.030712 12.000000
5.142304 10.052651 8.027102 2.389986 -0.741001 -1.852441 1.554905 1.659659 0.095036 -1.292931 -0.108355 -1.546374 0.685256 0.645350 -2.884711 -0.103921 -1.458252 -1.898047 -0.273787 -0.433534 -0.833995 -0.724847 -0.066453 -0.610125 -1.030712 12.000000
2.924590 12.157230 8.104741 0.375957 -1.546978 -2.399497 0.495740 1.369323 0.295922 -1.471286 -1.247438 -0.142115 0.194061 0.108561 -1.714387 -0.635262 -0.367271 -1.047485 -0.006745 -1.832503 0.129920 -1.842817 -0.375365 -1.518668 0.396347 12.000000
3.248838 12.189247 5.641120 1.004307 -1.767613 -1.345495 2.732318 0.295206 -1.707369 -1.361984 -1.028279 -0.376768 0.867079 0.593909 -1.148414 -0.328730 -0.880537 -0.668397 -0.496926 -1.181482 -1.050797 -0.686703 0.077596 -0.246012 -0.240476 12.000000
3.106086 12.157851 5.502576 1.097532 -1.624307 -1.359127 2.826189 0.305841 -1.774854 -1.301509 -1.003126 -0.433890 0.737633 0.530217 -1.186136 -0.363965 -0.692007 -0.679286 -0.495578 -1.015396 -0.979656 -0.575231 0.198828 -0.165040 -0.199053 12.000000
4.237009 11.356119 6.428375 0.782358 -1.369496 -2.145640 2.112719 0.024064 -0.991057 -1.373135 -1.194349 0.108437 0.154093 0.619148 -0.685029 -0.351007 -0.648689 -0.507964 -0.657209 -1.895430 -0.969710 -1.383351 -0.318829 -0.376846 -0.004271 12.000000
4.276153 11.304668 6.408953 0.674238 -1.903617 -1.704501 2.256247 -0.074011 -0.984186 -1.346106 -1.347058 0.080935 0.282617 0.591115 -0.677420 -0.228056 -0.466023 -0.727459 -0.604607 -1.812855 -1.045248 -1.153567 -0.528016 -0.464063 -0.167791 12.000000
1.098495 13.980523 5.987803 1.159795 1.163896 -3.598659 1.208698 1.439289 -0.484764 -1.650123 -0.670345 -0.200957 0.765270 0.015572 -0.716125 0.195465 0.148637 -0.892311 1.386562 -0.915244 -0.383364 -1.223228 -0.247492 -1.066669 -0.257177 13.000000
2.770775 13.551041 7.116116 0.091559 1.220814 -3.098407 0.466418 1.233476 -1.894602 -1.009494 0.940930 -0.044429 0.168677 0.418527 -0.912936 -1.303377 -0.354110 -1.043304 -0.011042 -0.986817 -0.375186 -0.821939 -0.086623 -0.800138 -0.224059 13.000000
2.842866 13.463054 7.170925 0.025080 1.208428 -3.080128 0.514176 1.265876 -1.909485 -1.000335 1.005587 -0.119470 0.215512 0.491912 -0.822088 -1.318936 -0.425043 -1.078574 -0.218308 -0.864215 -0.379302 -0.721702 -0.048252 -0.738833 -0.245927 13.000000
4.930580 9.970207 4.763397 2.646452 1.170895 -3.073068 1.569528 0.781930 -0.713280 -1.774912 -0.772226 -0.114413 1.007099 -0.165107 -1.190458 -0.181476 -0.058971 -1.464739 0.600079 -0.463028 -0.462836 -0.902281 -1.066541 -1.097170 -0.377252 13.000000
2.792904 13.485033 7.208400 0.148664 1.508098 -3.171259 0.574272 1.101553 -1.817370 -0.991761 1.007539 -0.144332 0.196932 0.557581 -0.935106 -1.019163 -0.303613 -0.881107 -0.375829 -1.004993 -0.481667 -0.843596 -0.061547 -0.801342 -0.496623 13.000000
3.070113 13.236688 7.067288 -0.104890 1.157124 -3.032956 0.633851 0.962845 -1.932484 -1.138976 0.883397 -0.333306 0.307953 0.491175 -1.005918 -1.149673 -0.308519 -0.952420 -0.336963 -0.748233 -0.498929 -0.793884 0.004323 -0.820705 -0.325107 13.000000
-2.305775 10.657919 4.151328 -0.537049 1.395429 -2.814759 0.943743 0.679648 -0.160815 -1.228403 -0.513393 -0.375834 0.343722 0.131189 -1.261111 -0.228972 -0.004774 -0.604745 0.998279 -0.842999 -0.646244 -1.382455 -0.410229 -0.889327 -0.614244 13.000000
2.688181 13.591855 6.930465 0.104120 1.337632 -3.090700 0.598610 1.119145 -1.863313 -1.102573 0.755548 0.089531 0.071465 0.365790 -0.835137 -1.198723 -0.153731 -1.093437 0.050477 -0.865645 -0.325542 -0.814888 -0.149058 -0.684831 -0.219349 13.000000
2.620397 13.555831 6.860446 0.147246 1.412863 -3.211778 0.685819 0.978555 -1.823993 -1.170744 0.849521 0.011647 0.037188 0.359134 -0.881302 -1.018676 -0.039694 -1.030863 0.074119 -0.934610 -0.369922 -0.798192 -0.115672 -0.801065 -0.334797 13.000000
2.513800 13.630479 6.890133 0.193562 1.276120 -3.075716 0.605010 0.998321 -1.835361 -1.115942 0.592310 0.126598 -0.029009 0.275889 -0.836186 -1.002920 -0.100673 -1.162924 0.226322 -0.932409 -0.438925 -0.792819 -0.176613 -0.815018 -0.323251 13.000000
2.835896 13.379436 7.311526 0.211911 1.441054 -3.106346 0.847771 0.964587 -1.800855 -1.043349 1.209293 -0.287220 0.202843 0.654482 -1.012561 -0.804457 -0.364019 -0.760197 -0.405543 -0.648485 -0.464356 -0.867787 0.037954 -0.756867 -0.483138 13.000000
-3.195397 11.652803 7.965134 3.057752 -2.108475 -3.604598 -0.083452 0.808672 -1.867035 -1.013508 -1.199142 -0.532108 0.100340 0.237221 -1.301927 -1.131812 -0.302432 -1.342895 -0.084723 -0.887993 -0.881892 -1.002666 0.474021 -0.786838 -0.470193 14.000000
-3.180121 11.853854 7.042933 3.181426 -1.988645 -3.968468 -0.256005 -0.036246 -1.545031 -1.254486 -1.118239 -0.511248 0.031726 0.275250 -1.116503 -1.161802 -0.316658 -1.184654 0.083016 -1.127724 -0.559667 -0.814425 -0.019790 -0.642060 -0.524755 14.000000
-3.169879 11.850781 7.599014 3.162475 -2.116694 -3.768525 -0.116868 0.319242 -1.710832 -1.233987 -1.445813 -0.570402 0.133917 0.583742 -1.336141 -1.304400 -0.192703 -1.378243 0.259455 -0.901660 -0.798784 -0.787517 0.242319 -0.864653 -0.344014 14.000000
1.928560 8.939849 4.639144 3.070903 -1.210056 -3.198047 -0.153131 -0.649023 -1.177936 -2.006790 -0.937642 -1.221787 0.303212 -0.251463 -1.578405 -0.946430 0.193394 -1.911231 -0.973835 0.433933 -0.315699 -0.588585 -1.869396 -0.678476 -0.918966 14.000000
-2.535537 12.444691 6.735214 3.319642 -1.813752 -3.829437 -0.395201 -0.329529 -1.065852 -1.012531 -0.809420 -0.267844 0.019121 0.232599 -1.211334 -0.856609 -0.473771 -0.794271 0.453904 -1.074590 0.013817 -0.526990 -0.679360 -0.570607 -0.245984 14.000000
-2.535537 12.444691 6.735214 3.319642 -1.813752 -3.829437 -0.395201 -0.329529 -1.065852 -1.012531 -0.809420 -0.267844 0.019121 0.232599 -1.211334 -0.856609 -0.473771 -0.794271 0.453904 -1.074590 0.013817 -0.526990 -0.679360 -0.570607 -0.245984 14.000000
-5.538017 9.052210 6.425280 0.478943 -1.166922 -3.018632 0.154753 0.870152 -0.853185 0.485064 -1.030949 -0.090704 0.087069 0.494587 -1.501649 -0.929974 -0.692323 -1.125972 0.434266 -1.091694 -0.814348 -0.873779 0.711601 -1.068416 -0.491594 14.000000
-3.129061 11.826440 7.427610 3.027033 -1.706179 -3.855070 -0.105466 0.329095 -1.552752 -1.416149 -1.783689 -0.463785 0.233821 0.601255 -1.608648 -1.432259 -0.151309 -1.227393 -0.028855 -1.058902 -0.744588 -0.941721 0.455714 -0.724809 -0.471793 14.000000
-2.328123 12.614174 6.566400 3.290151 -1.713466 -3.764533 -0.338050 -0.332526 -0.847868 -0.992318 -0.757419 -0.188685 0.119271 0.295126 -1.244841 -0.871411 -0.384089 -0.736286 0.413048 -1.176918 0.104836 -0.477641 -0.657809 -0.613061 -0.221482 14.000000
-2.831281 12.157212 7.550950 3.160995 -1.801560 -3.880081 0.135930 0.095368 -1.311910 -1.291957 -1.815651 -0.349707 0.216598 0.983862 -1.633944 -1.263100 -0.066710 -0.953567 0.353117 -0.948864 -0.518353 -0.556234 0.241222 -0.708093 -0.070213 14.000000
-2.789829 12.197754 7.123803 3.298874 -1.873357 -3.919619 -0.055900 -0.192574 -1.330721 -1.196071 -1.252585 -0.502788 0.048208 0.664293 -1.496049 -1.042416 -0.165145 -1.035954 0.427072 -1.149325 -0.213089 -0.556078 -0.095769 -0.801646 -0.248887 14.000000
0.970549 13.857209 3.927333 1.273756 -1.251654 -2.489549 0.751559 1.935939 -0.433753 -1.504217 -0.902817 -0.058218 -0.155258 0.381511 -0.902673 -1.232145 -0.328324 -1.397188 -0.000382 -0.291347 -0.498740 -1.016201 -0.095592 -0.897863 -0.304158 15.000000
1.442676 13.488497 4.535540 0.955847 -3.551869 -0.984638 0.869710 1.674932 -0.537924 -1.572930 -0.236597 -1.185320 -0.502151 0.947982 -0.224568 -0.351506 -0.596284 -0.941950 0.343368 -0.908819 -0.458341 -0.398433 -0.443184 -0.851327 -0.900774 15.000000
1.727322 14.056744 4.704930 0.978721 -1.248332 -2.152463 0.574289 2.473254 -0.591431 -1.002312 -1.621564 -0.028307 0.355919 0.009916 -0.829452 -1.937654 -1.459956 -1.672302 -0.469407 -0.472956 -0.197484 -0.686997 -0.143224 -0.719631 0.136117 15.000000
5.112895 8.337751 2.645571 3.589926 -0.679602 -2.368059 0.833246 1.046113 -0.309829 -1.550968 -1.013247 0.522602 0.474481 -0.022528 -1.098584 -1.047882 -0.172296 -1.679905 -0.580724 -0.086722 -0.195205 -0.799808 -0.342819 -0.839945 -0.427447 15.000000
1.150356 13.679686 4.577498 1.214073 -3.623410 -1.205232 1.046339 2.171272 -0.806268 -1.261504 0.114780 -1.039832 -0.496065 0.785614 -0.153761 -0.600510 -1.150813 -0.754338 0.423636 -0.852029 -0.417126 -0.356975 -0.631539 -1.137686 -0.469324 15.000000
0.679226 14.326998 4.894492 1.874174 -1.450513 -2.454557 0.613529 2.468401 -0.076311 -0.764462 -1.309915 0.006645 0.117633 0.007928 -0.997767 -1.422205 -0.928657 -1.308145 -0.573256 -0.579220 -0.140756 -1.022262 0.345626 -0.573351 -0.346497 15.000000
-3.372679 9.651746 3.624430 -1.574108 0.067676 -2.135910 0.304852 1.673872 -0.017740 -0.120501 -0.948467 -0.197580 -0.372364 0.296240 -1.442045 -1.388147 -0.806987 -1.136404 0.232070 -0.564008 -0.708339 -1.193092 -0.297533 -0.691592 -0.169595 15.000000
1.990551 13.993678 4.862819 0.890711 -1.198108 -2.135809 0.629914 2.317001 -0.723206 -0.846944 -1.543499 0.023000 0.410214 -0.070735 -0.802921 -1.948286 -1.473697 -1.617721 -0.488359 -0.459851 -0.239077 -0.657366 -0.215099 -0.832900 -0.094911 15.000000
1.105132 13.650747 4.722116 1.261330 -3.566956 -1.178565 0.959681 2.100109 -0.710667 -1.228997 0.138254 -1.104494 -0.520655 0.788925 -0.094750 -0.574967 -1.234188 -0.752668 0.287348 -0.895795 -0.372594 -0.238385 -0.613938 -1.090863 -0.440922 15.000000
1.127720 13.554315 4.399228 1.159206 -3.612741 -1.234758 1.051319 1.918129 -0.807584 -1.518137 0.099571 -1.223819 -0.469189 0.792884 -0.047275 -0.617121 -1.057780 -0.688220 0.625039 -0.818133 -0.435700 -0.458723 -0.653489 -1.116112 -0.262934 15.000000
2.515968 13.655557 5.697028 0.456609 -0.623010 -2.408102 0.338165 2.096015 -0.824841 -1.354605 -1.045977 0.139577 -0.254003 0.008619 -0.759963 -2.189694 -1.466781 -1.516505 -0.444290 -0.874252 -0.143221 -0.356180 -0.216374 -1.044747 0.144329 15.000000
